4998900 18676500 0 inquiry 0 passenger921 2 0 1 5 0
67495200 68054700 0 buyTicket 0 passenger836 1 0 2 3 0
68180500 68197100 0 buyTicket 0 passenger993 1 0 4 5 0
68304800 68330200 0 inquiry 0 passenger55 2 0 2 3 15
68427900 68439800 0 buyTicket 0 passenger400 1 0 4 5 0
68514600 68544800 0 inquiry 0 passenger737 1 0 1 4 14
68655200 68667000 0 buyTicket 0 passenger572 3 0 4 5 0
68737100 68748200 0 inquiry 0 passenger105 1 0 3 5 0
68826300 68837200 0 inquiry 0 passenger42 1 0 4 5 0
68910200 68932500 0 inquiry 0 passenger117 1 0 2 4 14
69010000 69021300 0 inquiry 0 passenger814 2 0 4 5 0
69072900 69082400 0 inquiry 0 passenger749 2 0 1 5 0
69154200 69165200 0 inquiry 0 passenger891 3 0 2 4 0
69213800 69223900 0 buyTicket 0 passenger618 3 0 1 3 0
69319300 69333100 0 buyTicket 0 passenger714 3 0 2 5 0
69396300 69407800 0 buyTicket 0 passenger158 2 0 4 5 0
69493000 69506000 0 inquiry 0 passenger213 3 0 3 5 0
69600900 69657500 0 inquiry 0 passenger822 1 0 3 4 14
69769100 69782900 0 buyTicket 0 passenger734 1 0 3 5 0
69871800 69907200 0 inquiry 0 passenger961 2 0 3 4 15
70000200 70013600 0 inquiry 0 passenger749 1 0 4 5 0
70106400 70119500 0 buyTicket 0 passenger823 1 0 4 5 0
70213300 70226200 0 inquiry 0 passenger835 1 0 4 5 0
70323200 70334200 0 inquiry 0 passenger424 2 0 4 5 0
70416700 70457800 0 buyTicket 0 passenger59 3 0 3 4 0
70539300 70551800 0 inquiry 0 passenger193 1 0 3 5 0
70639300 70686000 0 inquiry 0 passenger770 2 0 3 4 15
70792200 70803200 0 inquiry 0 passenger528 3 0 3 5 0
70880400 70891400 0 inquiry 0 passenger505 2 0 2 5 0
70968400 70991100 0 inquiry 0 passenger461 1 0 2 4 14
71101000 71126900 0 buyTicket 1 passenger131 2 0 1 2 0
71208700 71234700 0 inquiry 0 passenger913 2 0 1 4 14
71326500 71348100 0 buyTicket 2 passenger529 2 0 2 4 1
71418600 71431800 0 buyTicket 0 passenger671 3 0 4 5 0
71525900 71537500 0 inquiry 0 passenger375 1 0 3 5 0
71612100 71652100 0 buyTicket 3 passenger858 1 0 1 3 1
71759200 71768800 0 inquiry 0 passenger729 1 0 4 5 0
71818700 71839200 0 inquiry 0 passenger144 1 0 2 3 13
71907000 71928600 0 inquiry 0 passenger194 1 0 2 4 13
72006800 72017300 0 inquiry 0 passenger110 2 0 1 5 0
72122300 72133200 0 buyTicket 0 passenger127 2 0 2 5 0
72205800 72216300 0 buyTicket 0 passenger511 3 0 3 5 0
72309100 72321700 0 buyTicket 0 passenger174 1 0 3 5 0
72410300 72422200 0 inquiry 0 passenger925 3 0 2 4 0
72525000 72536100 0 buyTicket 0 passenger912 3 0 2 4 0
72614300 72626200 0 inquiry 0 passenger622 3 0 4 5 0
72725700 72737900 0 inquiry 0 passenger443 2 0 4 5 0
72855700 72866500 0 inquiry 0 passenger3 3 0 2 4 0
72954100 72966300 0 buyTicket 0 passenger60 3 0 4 5 0
73043900 73061100 0 inquiry 0 passenger383 2 0 4 5 0
73138900 73173500 0 inquiry 0 passenger80 1 0 2 4 13
73263700 73273400 0 inquiry 0 passenger229 2 0 1 5 0
73338800 73348900 0 inquiry 0 passenger382 2 0 4 5 0
73416900 73438800 0 inquiry 0 passenger226 1 0 3 4 13
73524500 73546600 0 inquiry 0 passenger11 2 0 2 3 13
73617500 73638000 0 inquiry 0 passenger986 1 0 4 5 0
73711100 73732400 0 buyTicket 4 passenger547 1 0 2 3 2
73808800 73818200 0 inquiry 0 passenger440 1 0 4 5 0
73885000 73894400 0 inquiry 0 passenger650 3 0 1 4 0
73959400 73980500 0 inquiry 0 passenger280 1 0 2 4 12
74095900 74112100 0 buyTicket 5 passenger338 2 0 3 4 0
74181900 74190900 0 inquiry 0 passenger876 3 0 4 5 0
74419800 74433400 0 inquiry 0 passenger446 2 0 4 5 0
74526200 74555300 0 buyTicket 6 passenger969 2 0 1 4 2
74674100 74686300 0 inquiry 0 passenger870 3 0 3 5 0
74769900 74781600 0 inquiry 0 passenger709 3 0 1 3 0
74862800 74889900 0 inquiry 0 passenger567 2 0 1 4 12
74984600 74995300 0 inquiry 0 passenger281 3 0 2 5 0
75086800 75097700 0 buyTicket 0 passenger143 3 0 1 2 0
75179500 75207200 0 buyTicket 7 passenger654 2 0 1 4 3
75299900 75308800 0 inquiry 0 passenger340 3 0 1 2 0
75374000 75383100 0 buyTicket 0 passenger228 3 0 3 5 0
75446600 75455800 0 buyTicket 0 passenger802 2 0 3 5 0
75518400 75527400 0 buyTicket 0 passenger236 1 0 3 5 0
75608800 75642800 0 inquiry 0 passenger58 2 0 1 3 11
75710400 75719200 0 inquiry 0 passenger83 2 0 2 5 0
75780900 75789800 0 inquiry 0 passenger384 1 0 3 5 0
75851200 75860400 0 buyTicket 0 passenger135 1 0 2 5 0
75922200 75931100 0 inquiry 0 passenger531 3 0 1 4 0
75992600 76001400 0 inquiry 0 passenger898 3 0 3 5 0
76062900 76071800 0 inquiry 0 passenger502 2 0 1 5 0
76137300 76146100 0 inquiry 0 passenger851 3 0 1 4 0
76209600 76218500 0 inquiry 0 passenger141 1 0 4 5 0
76300700 76326600 0 inquiry 0 passenger751 2 0 2 4 11
76402500 76413300 0 inquiry 0 passenger208 3 0 2 5 0
76542600 76554300 0 inquiry 0 passenger52 2 0 3 5 0
76767000 76783600 0 inquiry 0 passenger811 1 0 1 5 0
76881900 76924500 0 buyTicket 8 passenger397 2 0 1 3 4
77007600 77031600 0 buyTicket 9 passenger158 2 0 1 2 1
77116200 77126100 0 inquiry 0 passenger448 2 0 1 5 0
77206800 77233000 0 buyTicket 10 passenger878 2 1 1 4 0
77318700 77327700 0 inquiry 0 passenger434 2 0 1 5 0
77392400 77413900 0 inquiry 0 passenger664 1 0 2 3 12
77483200 77506300 0 inquiry 0 passenger543 2 0 2 3 9
77567500 77576200 0 inquiry 0 passenger294 2 0 3 5 0
77649100 77662800 0 buyTicket 0 passenger101 3 0 4 5 0
77962200 77979200 0 inquiry 0 passenger228 3 0 2 5 0
78070800 78083100 0 inquiry 0 passenger56 3 0 2 4 0
78169500 78182200 0 inquiry 0 passenger687 3 0 3 5 0
78287500 78300600 0 inquiry 0 passenger400 2 0 2 5 0
78410600 78426500 0 inquiry 0 passenger495 3 0 2 4 0
78531800 78571600 0 inquiry 0 passenger164 1 0 3 4 12
78680300 78706200 0 inquiry 0 passenger731 2 0 2 5 0
78829900 78858900 0 inquiry 0 passenger561 3 0 4 5 0
78967200 79013500 0 inquiry 0 passenger138 1 0 1 2 14
79119400 79133700 0 buyTicket 0 passenger26 3 0 3 5 0
79293600 79343900 0 inquiry 0 passenger932 2 0 3 4 9
79430100 79471400 0 inquiry 0 passenger824 2 0 2 3 9
79559700 79568900 0 inquiry 0 passenger661 3 0 4 5 0
79654200 79663500 0 inquiry 0 passenger831 2 0 3 5 0
79738000 79748300 0 inquiry 0 passenger684 3 0 1 3 0
79827000 79890900 0 inquiry 0 passenger730 1 0 2 5 0
80001800 80009800 0 inquiry 0 passenger631 3 0 2 4 0
80069700 80077400 0 inquiry 0 passenger199 3 0 1 3 0
80135300 80178600 0 buyTicket 11 passenger233 2 1 1 3 1
80244900 80251800 0 inquiry 0 passenger630 1 0 4 5 0
80309200 80317600 0 inquiry 0 passenger962 3 0 3 5 0
80376800 80384100 0 inquiry 0 passenger684 2 0 4 5 0
80441600 80465200 0 buyTicket 12 passenger437 2 1 2 3 2
80540400 80546700 0 inquiry 0 passenger541 2 0 3 5 0
80603800 80610600 0 inquiry 0 passenger668 3 0 2 3 0
80684400 80709500 0 inquiry 0 passenger296 1 0 2 3 12
80771000 80778100 0 inquiry 0 passenger846 2 0 3 5 0
80859500 80866500 0 inquiry 0 passenger580 3 0 1 2 0
80935100 80941400 0 inquiry 0 passenger275 2 0 4 5 0
81017200 81024700 0 buyTicket 0 passenger775 3 0 1 3 0
81098700 81106300 0 inquiry 0 passenger887 2 0 4 5 0
81227900 81237700 0 inquiry 0 passenger903 1 0 4 5 0
81368700 81378100 0 inquiry 0 passenger766 1 0 1 5 0
81462800 81472500 0 buyTicket 0 passenger776 1 0 3 5 0
81545000 81571000 0 inquiry 0 passenger301 2 0 1 3 7
81644100 81673500 0 buyTicket 13 passenger579 2 1 1 3 3
81747700 81770100 0 inquiry 0 passenger478 2 0 1 2 7
81858200 81881000 0 inquiry 0 passenger508 1 0 2 3 12
81969400 81985300 0 inquiry 0 passenger892 1 0 1 2 14
82058200 82067500 0 inquiry 0 passenger489 3 0 3 5 0
82147200 82193800 0 buyTicket 14 passenger582 2 1 3 4 4
82281900 82338900 0 inquiry 0 passenger467 1 0 1 2 14
82401300 82408400 0 inquiry 0 passenger508 3 0 1 5 0
82464900 82487200 0 buyTicket 15 passenger969 2 2 3 4 0
82551900 82558900 0 inquiry 0 passenger255 3 0 3 5 0
82590900 82596100 0 inquiry 0 passenger660 3 0 2 3 0
82624200 82638300 0 buyTicket 16 passenger226 1 0 2 3 3
82669100 82674600 0 buyTicket 0 passenger632 2 0 4 5 0
82704100 82709100 0 inquiry 0 passenger672 2 0 2 5 0
82755900 82774700 0 inquiry 0 passenger396 2 0 2 3 6
82833400 82840900 0 inquiry 0 passenger617 3 0 4 5 0
82896100 82903500 0 inquiry 0 passenger678 2 0 3 5 0
82970400 82977600 0 inquiry 0 passenger915 3 0 4 5 0
83031400 83049500 0 inquiry 0 passenger554 2 0 1 2 7
83104700 83112000 0 inquiry 0 passenger680 2 0 4 5 0
83177300 83227200 0 buyTicket 17 passenger621 1 0 1 3 4
83302300 83312400 0 inquiry 0 passenger51 1 0 4 5 0
83383400 83404500 0 inquiry 0 passenger973 2 0 2 5 0
83475600 83485400 0 buyTicket 0 passenger805 2 0 3 5 0
83558000 83610600 0 inquiry 0 passenger712 2 0 1 3 6
83691700 83701000 0 inquiry 0 passenger570 3 0 3 4 0
83770200 83779400 0 inquiry 0 passenger965 3 0 2 3 0
83849000 83858700 0 buyTicket 0 passenger290 3 0 3 5 0
83898200 83937400 0 buyTicket 18 passenger451 1 1 1 3 0
84011200 84028000 0 inquiry 0 passenger355 1 0 1 4 9
84101300 84110800 0 buyTicket 0 passenger811 3 0 3 5 0
84188900 84198200 0 inquiry 0 passenger827 2 0 3 5 0
84321800 84410400 0 buyTicket 19 passenger550 1 1 3 4 1
84479500 84487000 0 inquiry 0 passenger624 2 0 3 5 0
84540800 84550300 0 inquiry 0 passenger30 3 0 2 3 0
84617000 84628500 0 inquiry 0 passenger371 3 0 4 5 0
84685300 84692200 0 inquiry 0 passenger631 3 0 1 4 0
84745000 84752100 0 inquiry 0 passenger557 3 0 2 3 0
84805900 84813000 0 inquiry 0 passenger731 1 0 2 5 0
84865900 84873300 0 buyTicket 0 passenger133 3 0 2 4 0
84993800 85000500 0 inquiry 0 passenger83 1 0 4 5 0
85057600 85078200 0 buyTicket 20 passenger711 1 1 1 4 2
85133500 85149400 0 inquiry 0 passenger266 2 0 1 2 7
85253200 85261500 0 inquiry 0 passenger807 3 0 1 2 0
85325600 85351200 0 buyTicket 21 passenger868 1 1 2 4 3
85421000 85429400 0 buyTicket 0 passenger622 1 0 4 5 0
85491600 85510800 0 buyTicket 22 passenger564 1 1 2 4 4
85572700 85584900 0 buyTicket 0 passenger287 3 0 4 5 0
85645600 85653600 0 inquiry 0 passenger859 2 0 3 5 0
85712300 85720100 0 buyTicket 0 passenger155 3 0 1 2 0
85813000 85829700 0 inquiry 0 passenger138 2 0 2 4 4
85900600 85908300 0 buyTicket 0 passenger612 3 0 2 3 0
85967200 85976000 0 inquiry 0 passenger67 1 0 2 5 0
86043100 86058300 0 inquiry 0 passenger135 2 0 1 4 4
86117300 86136700 0 buyTicket 23 passenger853 1 2 2 4 0
86211200 86218800 0 buyTicket 0 passenger296 2 0 3 5 0
86251400 86267800 0 buyTicket 24 passenger961 1 1 1 3 1
86335400 86342100 0 inquiry 0 passenger190 2 0 3 5 0
86434300 86441500 0 buyTicket 0 passenger77 1 0 3 5 0
86497100 86503700 0 inquiry 0 passenger649 3 0 3 4 0
86600800 86617200 0 buyTicket 25 passenger881 1 2 2 3 1
86770700 86786300 0 inquiry 0 passenger784 2 0 2 4 4
86841900 86848300 0 inquiry 0 passenger934 1 0 2 5 0
86913000 86920000 0 buyTicket 0 passenger59 1 0 4 5 0
86947800 86958600 0 inquiry 0 passenger158 3 0 2 4 0
87007900 87021500 0 inquiry 0 passenger733 2 0 1 4 4
87048800 87090300 0 buyTicket 26 passenger477 1 2 1 4 2
87148000 87184700 0 buyTicket 27 passenger687 2 2 1 4 1
87217600 87222000 0 buyTicket 0 passenger274 3 0 1 4 0
87268500 87274200 0 inquiry 0 passenger506 1 0 2 5 0
87300500 87310600 0 inquiry 0 passenger954 1 0 2 3 2
87337200 87341600 0 buyTicket 0 passenger628 1 0 2 5 0
87399900 87408200 0 inquiry 0 passenger619 2 0 2 4 3
87459100 87464900 0 inquiry 0 passenger335 2 0 3 5 0
87513700 87521100 0 buyTicket 0 passenger63 1 0 4 5 0
87571700 87576900 0 inquiry 0 passenger838 2 0 3 5 0
87666600 87672300 0 inquiry 0 passenger234 2 0 2 5 0
87698800 87702500 0 inquiry 0 passenger239 3 0 4 5 0
87768200 87773800 0 inquiry 0 passenger672 1 0 4 5 0
87812700 87816000 0 inquiry 0 passenger809 3 0 1 3 0
87841700 87846500 0 inquiry 0 passenger616 2 0 3 5 0
87914600 87923300 0 inquiry 0 passenger851 2 0 1 4 3
87958900 87968700 0 inquiry 0 passenger289 2 0 2 4 3
88030900 88039400 0 inquiry 0 passenger862 2 0 3 4 3
88122200 88127400 0 buyTicket 0 passenger280 2 0 4 5 0
88179500 88195600 0 buyTicket 28 passenger340 1 2 1 3 3
88223400 88227000 0 inquiry 0 passenger903 1 0 2 5 0
88279800 88285200 0 inquiry 0 passenger207 3 0 3 4 0
88340600 88352000 0 inquiry 0 passenger722 1 0 3 4 1
88389700 88394700 0 inquiry 0 passenger944 3 0 3 5 0
88429300 88439500 0 inquiry 0 passenger21 2 0 3 4 3
88476000 88481200 0 inquiry 0 passenger780 1 0 1 5 0
88524400 88529600 0 inquiry 0 passenger810 2 0 4 5 0
88577800 88583600 0 buyTicket 0 passenger388 1 0 3 5 0
88705000 88714900 0 inquiry 0 passenger856 3 0 2 5 0
88813200 88827400 0 inquiry 0 passenger174 1 0 3 4 1
88885800 88891200 0 inquiry 0 passenger848 3 0 3 5 0
88931300 88936900 0 inquiry 0 passenger179 3 0 4 5 0
88974500 88993900 0 buyTicket 29 passenger524 2 2 3 4 2
89096600 89105300 0 inquiry 0 passenger36 3 0 2 5 0
89148600 89154300 0 inquiry 0 passenger492 3 0 3 4 0
89239900 89245800 0 inquiry 0 passenger333 1 0 1 5 0
89311700 89317000 0 buyTicket 0 passenger732 3 0 2 3 0
89344400 89354200 0 inquiry 0 passenger404 3 0 1 3 0
89411300 89416200 0 inquiry 0 passenger861 1 0 4 5 0
89441600 89445300 0 buyTicket 0 passenger164 3 0 2 4 0
89468100 89471400 0 inquiry 0 passenger852 2 0 4 5 0
89493100 89500300 0 inquiry 0 passenger815 2 0 1 2 6
89522300 89525600 0 inquiry 0 passenger147 1 0 4 5 0
89547100 89554000 0 inquiry 0 passenger561 1 0 1 4 1
89576700 89579900 0 inquiry 0 passenger645 2 0 1 5 0
89601300 89604700 0 buyTicket 0 passenger132 3 0 1 2 0
89649600 89657600 0 inquiry 0 passenger115 2 0 1 3 5
89705400 89710400 0 inquiry 0 passenger628 2 0 4 5 0
89737400 89740800 0 inquiry 0 passenger943 3 0 4 5 0
89763100 89766600 0 buyTicket 0 passenger986 3 0 4 5 0
89789100 89792500 0 buyTicket 0 passenger575 3 0 3 4 0
89814500 89817800 0 inquiry 0 passenger562 1 0 4 5 0
89839400 89842500 0 inquiry 0 passenger590 3 0 2 4 0
89864100 89878300 0 buyTicket 30 passenger71 1 2 3 4 4
89924700 89929800 0 buyTicket 0 passenger738 3 0 2 5 0
89956600 89963300 0 inquiry 0 passenger159 2 0 1 3 5
89989100 89992500 0 inquiry 0 passenger893 1 0 4 5 0
90050000 90054200 0 inquiry 0 passenger860 3 0 3 5 0
90102400 90134500 0 buyTicket 0 passenger953 2 0 3 5 0
90325200 90341600 0 buyTicket 31 passenger582 2 2 2 4 3
90398100 90402900 0 inquiry 0 passenger745 3 0 2 3 0
90451600 90461500 0 inquiry 0 passenger353 1 0 1 4 0
90518100 90526700 0 inquiry 0 passenger491 2 0 1 3 4
90574300 90582600 0 inquiry 0 passenger71 2 0 1 2 6
90629800 90635000 0 buyTicket 0 passenger329 3 0 2 3 0
90661900 90665500 0 inquiry 0 passenger317 2 0 4 5 0
90687300 90690800 0 buyTicket 0 passenger239 3 0 2 3 0
90712100 90715400 0 inquiry 0 passenger175 1 0 4 5 0
90736100 90739300 0 inquiry 0 passenger75 1 0 4 5 0
90760000 90767100 0 inquiry 0 passenger274 1 0 1 4 0
90789300 90792600 0 inquiry 0 passenger26 2 0 3 5 0
90843400 90851700 0 inquiry 0 passenger115 1 0 2 3 1
90898200 90908400 0 inquiry 0 passenger893 2 0 2 3 4
90955300 90960500 0 buyTicket 0 passenger366 3 0 1 3 0
91026200 91038300 0 inquiry 0 passenger724 2 0 2 3 4
91107600 91113800 0 buyTicket 0 passenger80 3 0 1 4 0
91181400 91186400 0 inquiry 0 passenger816 2 0 2 5 0
91242800 91251100 0 inquiry 0 passenger31 1 0 2 3 1
91296900 91301800 0 inquiry 0 passenger796 3 0 1 4 0
91325200 91338100 0 buyTicket 32 passenger755 1 2 1 3 4
91383700 91388600 0 inquiry 0 passenger968 1 0 1 5 0
91444500 91449400 0 inquiry 0 passenger793 1 0 3 5 0
91513700 91518900 0 inquiry 0 passenger923 1 0 1 5 0
91564300 91578200 0 buyTicket 33 passenger308 2 1 1 2 2
91624500 91629600 0 inquiry 0 passenger217 3 0 4 5 0
91675300 91683900 0 inquiry 0 passenger317 1 0 1 2 7
91709300 91715000 0 buyTicket 0 passenger708 3 0 4 5 0
91736300 91739800 0 inquiry 0 passenger26 3 0 3 5 0
91759900 91763400 0 inquiry 0 passenger36 2 0 4 5 0
91783000 91786300 0 inquiry 0 passenger21 2 0 4 5 0
91805900 91809200 0 buyTicket 0 passenger852 3 0 1 4 0
91828300 91835000 0 inquiry 0 passenger7 1 0 1 4 0
91855900 91859100 0 inquiry 0 passenger462 1 0 4 5 0
91901300 91906700 0 buyTicket 0 passenger231 2 0 1 5 0
91929900 91938600 0 inquiry 0 passenger640 2 0 3 4 1
91961400 91965300 0 inquiry 0 passenger86 3 0 1 4 0
91985700 91992100 0 inquiry 0 passenger57 1 0 1 2 7
92012100 92015500 0 inquiry 0 passenger531 2 0 3 5 0
92035500 92038700 0 inquiry 0 passenger575 3 0 1 2 0
92058200 92064700 0 inquiry 0 passenger744 2 0 3 4 1
92087400 92094500 0 buyTicket 0 passenger14 1 0 1 3 0
92116300 92119600 0 inquiry 0 passenger823 2 0 2 5 0
92139100 92142300 0 inquiry 0 passenger70 2 0 4 5 0
92179600 92184700 0 inquiry 0 passenger616 2 0 4 5 0
92230100 92256400 0 buyTicket 0 passenger169 3 0 2 4 0
92327000 92334600 0 inquiry 0 passenger63 2 0 3 4 1
92364100 92370800 0 buyTicket 0 passenger287 1 0 1 4 0
92396600 92402800 0 buyTicket 0 passenger671 1 0 2 3 0
92429700 92435800 0 inquiry 0 passenger721 2 0 1 2 5
92463400 92465900 0 inquiry 0 passenger457 2 0 2 5 0
92490300 92496400 0 inquiry 0 passenger238 2 0 2 3 4
92547500 92554600 0 inquiry 0 passenger42 2 0 2 3 4
92586300 92589000 0 buyTicket 0 passenger170 3 0 1 3 0
92614100 92620300 0 buyTicket 0 passenger397 1 0 2 4 0
92648600 92654600 0 inquiry 0 passenger897 2 0 1 3 4
92679700 92682300 0 inquiry 0 passenger616 1 0 1 5 0
92706100 92718700 0 buyTicket 34 passenger273 2 2 3 4 4
92807600 92814800 0 inquiry 0 passenger635 1 0 2 3 0
92846900 92857700 0 buyTicket 0 passenger91 1 0 3 4 0
92888100 92895900 0 inquiry 0 passenger721 2 0 3 4 0
92920700 92923400 0 buyTicket 0 passenger771 1 0 2 5 0
92947300 92949700 0 inquiry 0 passenger101 3 0 4 5 0
92982700 92985000 0 buyTicket 0 passenger754 2 0 4 5 0
93286300 93296400 0 inquiry 0 passenger251 1 0 3 4 0
93392800 93396400 0 buyTicket 0 passenger25 1 0 1 5 0
93451000 93454400 0 buyTicket 0 passenger447 2 0 4 5 0
93483800 93486300 0 buyTicket 0 passenger808 2 0 2 5 0
93541700 93544700 0 inquiry 0 passenger790 2 0 3 5 0
93580100 93590100 0 buyTicket 0 passenger678 2 0 2 4 0
93653200 93656100 0 inquiry 0 passenger703 1 0 2 5 0
93711600 93714800 0 buyTicket 0 passenger870 3 0 3 4 0
93779200 93782400 0 buyTicket 0 passenger409 1 0 4 5 0
93805900 93808100 0 inquiry 0 passenger383 2 0 4 5 0
93850700 93853600 0 inquiry 0 passenger184 1 0 3 5 0
93930400 93939300 0 inquiry 0 passenger36 1 0 3 4 0
93988100 93990900 0 inquiry 0 passenger977 3 0 4 5 0
94030900 94032700 0 inquiry 0 passenger751 1 0 3 5 0
94076100 94078900 0 inquiry 0 passenger714 3 0 4 5 0
94104600 94106700 0 inquiry 0 passenger157 3 0 1 4 0
94126400 94132300 0 inquiry 0 passenger103 2 0 1 4 0
94165800 94169400 0 buyTicket 0 passenger295 3 0 2 3 0
94197600 94203400 0 buyTicket 0 passenger529 2 0 2 4 0
94273000 94276400 0 inquiry 0 passenger267 3 0 3 5 0
94310700 94318100 0 inquiry 0 passenger335 1 0 3 4 0
94347500 94349800 0 inquiry 0 passenger525 1 0 2 5 0
94389600 94397300 0 inquiry 0 passenger720 1 0 2 3 0
94463400 94467000 0 inquiry 0 passenger415 3 0 4 5 0
94531100 94541100 0 buyTicket 0 passenger862 1 0 2 3 0
94569500 94576100 0 inquiry 0 passenger179 2 0 1 4 0
94627500 94631200 0 buyTicket 0 passenger343 3 0 1 5 0
94666900 94673600 0 inquiry 0 passenger239 2 0 2 3 4
94736900 94744800 0 buyTicket 0 passenger832 2 0 3 4 0
94776000 94779300 0 inquiry 0 passenger754 3 0 1 3 0
94812300 94830000 0 buyTicket 35 passenger924 2 1 2 3 4
94881300 94885100 0 buyTicket 0 passenger527 1 0 2 5 0
94956600 94962000 0 inquiry 0 passenger638 2 0 3 5 0
95030900 95034500 0 inquiry 0 passenger872 2 0 1 5 0
95060200 95063400 0 inquiry 0 passenger591 3 0 1 2 0
95116200 95119600 0 inquiry 0 passenger231 2 0 3 5 0
95196600 95201100 0 inquiry 0 passenger914 1 0 4 5 0
95229600 95248300 0 inquiry 0 passenger88 3 0 2 3 0
95268500 95275400 0 inquiry 0 passenger583 1 0 1 2 7
95294700 95296600 0 inquiry 0 passenger512 3 0 1 4 0
95326200 95328300 0 buyTicket 0 passenger680 1 0 4 5 0
95374100 95377500 0 buyTicket 0 passenger832 3 0 2 4 0
95404800 95407300 0 buyTicket 0 passenger449 2 0 4 5 0
95427900 95430300 0 buyTicket 0 passenger617 2 0 4 5 0
95477600 95485000 0 inquiry 0 passenger546 1 0 1 4 0
95535900 95539000 0 inquiry 0 passenger996 3 0 3 5 0
95564000 95566800 0 buyTicket 0 passenger49 2 0 3 5 0
95639500 95642200 0 buyTicket 0 passenger262 2 0 3 5 0
95700800 95703500 0 buyTicket 0 passenger588 3 0 2 4 0
95751500 95759100 0 inquiry 0 passenger451 2 0 3 4 0
95807600 95814800 0 buyTicket 0 passenger279 1 0 2 4 0
95863200 95873100 0 inquiry 0 passenger254 2 0 1 2 5
95934700 95949000 0 buyTicket 36 passenger372 1 0 1 2 0
95998400 96005800 0 buyTicket 0 passenger813 1 0 1 4 0
96053100 96056300 0 inquiry 0 passenger311 1 0 3 5 0
96078400 96085100 0 buyTicket 0 passenger58 1 0 3 4 0
96104500 96106800 0 inquiry 0 passenger88 2 0 3 5 0
96125200 96127600 0 buyTicket 0 passenger23 3 0 2 5 0
96147200 96149300 0 inquiry 0 passenger929 1 0 4 5 0
96251800 96260000 0 inquiry 0 passenger449 3 0 2 3 0
96307000 96310000 0 inquiry 0 passenger14 3 0 1 5 0
96331500 96334300 0 buyTicket 0 passenger67 1 0 3 5 0
96365400 96371900 0 inquiry 0 passenger103 1 0 1 3 0
96397900 96403400 0 inquiry 0 passenger854 1 0 2 4 0
96516000 96519500 0 buyTicket 0 passenger264 3 0 2 4 0
96571100 96574400 0 buyTicket 0 passenger687 3 0 2 5 0
96600900 96602900 0 inquiry 0 passenger401 1 0 4 5 0
96619800 96636000 0 inquiry 0 passenger42 2 0 1 2 5
96653900 96657200 0 buyTicket 0 passenger875 3 0 4 5 0
96737400 96744300 0 inquiry 0 passenger654 1 0 1 2 6
96808500 96812500 0 inquiry 0 passenger335 3 0 4 5 0
96883100 96887400 0 inquiry 0 passenger865 2 0 3 5 0
96943100 96946400 0 inquiry 0 passenger994 2 0 2 5 0
96972200 96974100 0 inquiry 0 passenger608 3 0 2 5 0
97015400 97018500 0 inquiry 0 passenger982 3 0 1 4 0
97039000 97041100 0 inquiry 0 passenger481 3 0 2 4 0
97057800 97066900 0 inquiry 0 passenger183 2 0 3 4 0
97107800 97111000 0 inquiry 0 passenger81 3 0 4 5 0
97131500 97133600 0 inquiry 0 passenger495 3 0 2 3 0
97174900 97181600 0 inquiry 0 passenger166 2 0 1 3 3
97205600 97212000 0 buyTicket 0 passenger981 1 0 2 4 0
97230200 97262100 0 buyTicket 37 passenger954 2 2 1 3 0
97307700 97311300 0 inquiry 0 passenger22 3 0 2 4 0
97334800 97337400 0 inquiry 0 passenger627 2 0 4 5 0
97383100 97386900 0 inquiry 0 passenger112 2 0 4 5 0
97409500 97412000 0 inquiry 0 passenger638 1 0 4 5 0
97457500 97461000 0 inquiry 0 passenger216 2 0 4 5 0
97483500 97486200 0 buyTicket 0 passenger783 3 0 4 5 0
97505000 97511000 0 inquiry 0 passenger807 1 0 3 4 0
97571500 97575100 0 inquiry 0 passenger459 3 0 4 5 0
97609200 97613400 0 inquiry 0 passenger892 1 0 4 5 0
97654100 97666600 0 inquiry 0 passenger631 2 0 3 4 0
97749900 97758500 0 buyTicket 0 passenger885 1 0 2 3 0
97827400 97830800 0 inquiry 0 passenger564 3 0 3 5 0
97854300 97857100 0 buyTicket 0 passenger333 3 0 1 2 0
97903100 97906600 0 inquiry 0 passenger897 3 0 1 4 0
97929300 97936500 0 buyTicket 0 passenger706 1 0 2 4 0
97982300 97990100 0 buyTicket 0 passenger323 1 0 1 3 0
98073700 98083100 0 inquiry 0 passenger787 2 0 3 4 0
98137900 98141300 0 inquiry 0 passenger223 3 0 4 5 0
98169400 98173700 0 buyTicket 0 passenger267 2 0 4 5 0
98232300 98235800 0 inquiry 0 passenger758 3 0 1 3 0
98278900 98281900 0 inquiry 0 passenger183 3 0 4 5 0
98332200 98335400 0 inquiry 0 passenger256 1 0 4 5 0
98360500 98368500 0 inquiry 0 passenger767 1 0 1 3 0
98419000 98422300 0 buyTicket 0 passenger723 2 0 1 5 0
98442300 98444600 0 buyTicket 0 passenger913 1 0 4 5 0
98466900 98472000 0 inquiry 0 passenger825 2 0 1 4 0
98510000 98512000 0 inquiry 0 passenger967 1 0 3 5 0
98533500 98535900 0 buyTicket 0 passenger150 2 0 1 5 0
98553100 98555300 0 inquiry 0 passenger641 3 0 3 4 0
98607200 98610200 0 inquiry 0 passenger998 3 0 1 3 0
98630500 98633800 0 inquiry 0 passenger821 2 0 2 5 0
98697100 98700300 0 inquiry 0 passenger419 3 0 1 4 0
98754600 98757600 0 inquiry 0 passenger818 3 0 2 3 0
98780300 98782000 0 inquiry 0 passenger393 3 0 4 5 0
98797000 98799100 0 buyTicket 0 passenger920 3 0 4 5 0
98813400 98815000 0 inquiry 0 passenger547 3 0 1 5 0
98829000 98830400 0 inquiry 0 passenger27 3 0 1 3 0
98844300 98845800 0 inquiry 0 passenger393 3 0 2 5 0
98859700 98861300 0 inquiry 0 passenger518 2 0 4 5 0
98875400 98877200 0 buyTicket 0 passenger598 2 0 4 5 0
98891000 98892800 0 buyTicket 0 passenger850 2 0 1 5 0
98906400 98908100 0 buyTicket 0 passenger571 2 0 3 5 0
98923700 98925400 0 buyTicket 0 passenger509 3 0 3 5 0
98939200 98944500 0 inquiry 0 passenger867 1 0 2 3 0
98958400 98960000 0 inquiry 0 passenger819 1 0 1 5 0
98973900 98978500 0 inquiry 0 passenger140 2 0 3 4 0
98992500 98994000 0 inquiry 0 passenger378 1 0 4 5 0
99009300 99010700 0 inquiry 0 passenger519 3 0 4 5 0
99027100 99028500 0 inquiry 0 passenger283 3 0 1 4 0
99042200 99043700 0 inquiry 0 passenger824 2 0 4 5 0
99057500 99058900 0 inquiry 0 passenger841 3 0 2 5 0
99072400 99073900 0 inquiry 0 passenger964 2 0 2 5 0
99094300 99096600 0 inquiry 0 passenger83 3 0 2 5 0
99146000 99149000 0 inquiry 0 passenger221 3 0 4 5 0
99171800 99181200 0 buyTicket 0 passenger129 2 0 3 4 0
99234700 99292800 0 inquiry 0 passenger737 3 0 4 5 0
99370100 99383800 0 buyTicket 0 passenger724 1 0 3 4 0
99452800 99460500 0 inquiry 0 passenger816 1 0 2 4 0
99541700 99546400 0 buyTicket 0 passenger817 3 0 1 3 0
99615200 99619300 0 inquiry 0 passenger967 2 0 4 5 0
99649400 99653000 0 inquiry 0 passenger939 2 0 3 5 0
99728900 99734100 0 buyTicket 0 passenger856 3 0 3 5 0
99810900 99816900 0 inquiry 0 passenger624 3 0 3 5 0
99859300 99870200 0 inquiry 0 passenger955 2 0 2 4 0
99935800 99940700 0 inquiry 0 passenger419 3 0 2 4 0
99979700 99983800 0 buyTicket 0 passenger246 3 0 1 3 0
100014000 100018100 0 buyTicket 0 passenger442 1 0 3 5 0
100070100 100078400 0 inquiry 0 passenger416 2 0 2 4 0
100105400 100109800 0 buyTicket 0 passenger779 1 0 4 5 0
100174100 100178000 0 inquiry 0 passenger25 3 0 4 5 0
100202600 100205100 0 inquiry 0 passenger736 2 0 2 5 0
100236400 100304700 0 buyTicket 38 passenger700 2 2 2 3 2
100361500 100371900 0 inquiry 0 passenger935 2 0 1 4 0
100461800 100464800 0 inquiry 0 passenger495 3 0 1 2 0
100486500 100494500 0 inquiry 0 passenger34 2 0 2 4 0
100543700 100546700 0 inquiry 0 passenger116 2 0 3 5 0
100565500 100567800 0 buyTicket 0 passenger682 1 0 1 5 0
100606200 100609000 0 inquiry 0 passenger523 3 0 2 3 0
100649200 100652000 0 inquiry 0 passenger97 3 0 4 5 0
100728500 100731800 0 buyTicket 0 passenger849 3 0 2 3 0
100750400 100759000 0 buyTicket 0 passenger122 2 0 2 4 0
100774600 100776600 0 inquiry 0 passenger751 3 0 3 5 0
100790800 100792600 0 inquiry 0 passenger667 1 0 3 5 0
100806000 100807600 0 inquiry 0 passenger715 3 0 2 5 0
100843900 100847000 0 buyTicket 0 passenger890 3 0 4 5 0
100875400 100877500 0 inquiry 0 passenger420 3 0 3 4 0
100914800 100917800 0 inquiry 0 passenger782 1 0 4 5 0
100936500 100942900 0 inquiry 0 passenger162 1 0 2 4 0
100980600 100986800 0 inquiry 0 passenger432 1 0 3 4 0
101008400 101010700 0 buyTicket 0 passenger836 3 0 4 5 0
101048400 101051600 0 buyTicket 0 passenger100 1 0 4 5 0
101113300 101120700 0 inquiry 0 passenger588 2 0 1 3 1
101145400 101147700 0 inquiry 0 passenger579 2 0 3 5 0
101186900 101190000 0 buyTicket 0 passenger273 3 0 1 3 0
101231900 101238100 0 inquiry 0 passenger982 1 0 1 3 0
101334900 101338000 0 inquiry 0 passenger765 3 0 4 5 0
101395700 101404000 0 inquiry 0 passenger562 1 0 2 3 0
101429900 101432600 0 inquiry 0 passenger584 1 0 3 5 0
101488800 101498900 0 inquiry 0 passenger209 1 0 1 3 0
101568200 101572700 0 buyTicket 0 passenger475 3 0 1 3 0
101607700 101611700 0 buyTicket 0 passenger729 2 0 2 5 0
101683300 101703600 0 inquiry 0 passenger970 3 0 1 5 0
101779900 101789500 0 inquiry 0 passenger101 2 0 1 3 1
101851500 101855400 0 inquiry 0 passenger608 3 0 2 3 0
101929400 101935700 0 buyTicket 0 passenger266 1 0 4 5 0
101999700 102010000 0 buyTicket 0 passenger467 1 0 1 4 0
102037800 102060700 0 buyTicket 39 passenger635 1 0 1 2 2
102114200 102123900 0 inquiry 0 passenger759 2 0 1 2 4
102186100 102199400 0 buyTicket 0 passenger578 3 0 3 5 0
102256400 102264400 0 inquiry 0 passenger857 1 0 1 4 0
102348500 102351500 0 inquiry 0 passenger860 1 0 2 5 0
102376400 102378500 0 inquiry 0 passenger673 1 0 2 5 0
102393700 102395400 0 inquiry 0 passenger726 3 0 1 2 0
102410100 102412300 0 buyTicket 0 passenger901 1 0 4 5 0
102426800 102428800 0 buyTicket 0 passenger290 3 0 2 4 0
102443200 102445100 0 buyTicket 0 passenger927 1 0 4 5 0
102460600 102462400 0 inquiry 0 passenger38 1 0 3 5 0
102476700 102481700 0 inquiry 0 passenger920 2 0 2 3 1
102497300 102499100 0 inquiry 0 passenger882 2 0 4 5 0
102513100 102514700 0 inquiry 0 passenger354 3 0 3 5 0
102528400 102529900 0 inquiry 0 passenger608 2 0 3 5 0
102552900 102554700 0 buyTicket 0 passenger290 3 0 3 4 0
102591400 102596800 0 inquiry 0 passenger721 1 0 2 4 0
102617000 102618800 0 inquiry 0 passenger748 2 0 2 5 0
102635500 102640000 0 inquiry 0 passenger818 2 0 1 3 1
102678300 102692300 0 buyTicket 0 passenger149 3 0 3 5 0
102735900 102750200 0 buyTicket 40 passenger236 2 2 1 3 4
102790800 102793900 0 buyTicket 0 passenger173 2 0 4 5 0
102814000 102818800 0 inquiry 0 passenger337 1 0 3 4 0
102834100 102838500 0 inquiry 0 passenger547 2 0 1 3 0
102853300 102855400 0 buyTicket 0 passenger195 1 0 4 5 0
102876200 102882300 0 inquiry 0 passenger272 2 0 2 4 0
102947400 102950400 0 inquiry 0 passenger579 3 0 3 4 0
102970400 102978600 0 inquiry 0 passenger510 1 0 1 2 5
103030500 103036300 0 inquiry 0 passenger118 1 0 1 3 0
103059800 103063400 0 buyTicket 0 passenger253 3 0 2 3 0
103112100 103115000 0 inquiry 0 passenger498 3 0 3 5 0
103132800 103135800 0 buyTicket 0 passenger968 3 0 1 3 0
103166200 103168500 0 inquiry 0 passenger548 3 0 2 3 0
103185500 103191300 0 inquiry 0 passenger841 1 0 2 3 0
103227500 103235000 0 buyTicket 0 passenger79 1 0 1 4 0
103261800 103272100 0 inquiry 0 passenger488 2 0 1 2 3
103364200 103369800 0 buyTicket 0 passenger347 1 0 1 5 0
103446100 103453900 0 inquiry 0 passenger288 2 0 2 3 0
103480600 103483200 0 inquiry 0 passenger598 1 0 4 5 0
103516300 103519700 0 inquiry 0 passenger424 3 0 4 5 0
103583500 103591000 0 inquiry 0 passenger482 1 0 2 3 0
103620600 103631600 0 buyTicket 0 passenger906 1 0 2 3 0
103709700 103714000 0 buyTicket 0 passenger577 1 0 4 5 0
103787100 103791100 0 inquiry 0 passenger546 1 0 3 5 0
103825600 103836700 0 inquiry 0 passenger682 2 0 3 4 0
103901500 103910400 0 buyTicket 0 passenger887 2 0 1 4 0
103992800 103995900 0 inquiry 0 passenger868 3 0 4 5 0
104062900 104066800 0 inquiry 0 passenger403 1 0 4 5 0
104138100 104142500 0 buyTicket 0 passenger838 3 0 3 5 0
104176300 104181200 0 buyTicket 0 passenger698 3 0 1 2 0
104260300 104263400 0 buyTicket 0 passenger34 1 0 2 5 0
104285000 104288400 0 buyTicket 0 passenger721 1 0 2 5 0
104336200 104342600 0 inquiry 0 passenger684 2 0 1 2 3
104403800 104407000 0 buyTicket 0 passenger49 1 0 4 5 0
104424500 104429300 0 inquiry 0 passenger200 2 0 1 2 3
104455300 104460200 0 inquiry 0 passenger715 3 0 2 3 0
104484700 104487000 0 inquiry 0 passenger376 3 0 3 4 0
104501700 104503900 0 buyTicket 0 passenger412 3 0 2 4 0
104517900 104525200 0 buyTicket 0 passenger842 2 0 2 3 0
104541400 104548200 0 inquiry 0 passenger650 2 0 1 3 0
104593400 104599600 0 inquiry 0 passenger381 1 0 3 4 0
104621000 104623100 0 inquiry 0 passenger476 2 0 3 5 0
104638800 104640600 0 inquiry 0 passenger303 1 0 4 5 0
104659000 104667700 0 buyTicket 0 passenger95 1 0 1 4 0
104728400 104732300 0 buyTicket 0 passenger310 3 0 1 5 0
104756400 104778000 0 buyTicket 41 passenger945 1 0 1 2 3
104817400 104825800 0 inquiry 0 passenger230 1 0 1 3 0
104855500 104859000 0 buyTicket 0 passenger168 3 0 1 2 0
104915600 104918500 0 inquiry 0 passenger271 2 0 1 5 0
104946100 104952300 0 inquiry 0 passenger944 2 0 2 5 0
105005400 105008500 0 buyTicket 0 passenger752 2 0 4 5 0
105029000 105031200 0 buyTicket 0 passenger197 3 0 1 4 0
105047000 105049600 0 buyTicket 0 passenger194 3 0 3 4 0
105095900 105101900 0 inquiry 0 passenger355 1 0 2 3 0
105121200 105123400 0 buyTicket 0 passenger721 3 0 3 5 0
105139600 105142700 0 buyTicket 0 passenger903 3 0 1 3 0
105156600 105158300 0 buyTicket 0 passenger314 3 0 2 3 0
105174100 105178300 0 inquiry 0 passenger758 1 0 1 3 0
105191800 105193500 0 inquiry 0 passenger489 2 0 4 5 0
105206800 105212400 0 buyTicket 0 passenger926 2 0 2 4 0
105258500 105263300 0 inquiry 0 passenger518 2 0 4 5 0
105353100 105364200 0 inquiry 0 passenger553 1 0 1 4 0
105437400 105463100 0 buyTicket 42 passenger640 2 1 1 2 4
105523200 105527500 0 inquiry 0 passenger397 3 0 2 4 0
105554900 105564000 0 buyTicket 0 passenger163 2 0 1 4 0
105620700 105625200 0 inquiry 0 passenger863 3 0 3 4 0
105721600 105726500 0 buyTicket 0 passenger718 1 0 4 5 0
105805000 105814800 0 buyTicket 0 passenger564 2 0 2 4 0
105842200 105845500 0 inquiry 0 passenger701 1 0 1 5 0
105867500 105876900 0 buyTicket 0 passenger641 2 0 3 4 0
105951600 105956500 0 buyTicket 0 passenger585 2 0 2 5 0
105983800 105991000 0 inquiry 0 passenger593 2 0 2 3 0
106012700 106015300 0 inquiry 0 passenger391 2 0 4 5 0
106049500 106051900 0 inquiry 0 passenger538 3 0 1 2 0
106105600 106110400 0 buyTicket 0 passenger170 1 0 2 5 0
106148700 106155900 0 inquiry 0 passenger586 2 0 1 2 2
106213100 106217800 0 buyTicket 0 passenger904 1 0 2 5 0
106247500 106250500 0 buyTicket 0 passenger305 3 0 1 4 0
106321100 106324100 0 buyTicket 0 passenger251 3 0 4 5 0
106343500 106345400 0 buyTicket 0 passenger629 2 0 4 5 0
106383500 106386500 0 inquiry 0 passenger364 1 0 2 5 0
106427500 106430300 0 inquiry 0 passenger729 3 0 4 5 0
106448500 106450400 0 inquiry 0 passenger788 3 0 1 3 0
106635700 106638900 0 buyTicket 0 passenger657 3 0 1 2 0
106654100 106660400 0 buyTicket 0 passenger469 1 0 1 3 0
106676100 106697200 0 inquiry 0 passenger73 2 0 1 4 0
106749500 106751900 0 inquiry 0 passenger556 2 0 4 5 0
106771000 106774000 0 buyTicket 0 passenger198 1 0 4 5 0
106817700 106820700 0 inquiry 0 passenger347 1 0 1 5 0
106833500 106839300 0 buyTicket 0 passenger13 2 0 1 3 0
106852200 106856800 0 inquiry 0 passenger161 1 0 3 4 0
106867200 106873200 0 buyTicket 0 passenger671 1 0 2 3 0
106894100 106896600 0 buyTicket 0 passenger983 3 0 3 4 0
106926800 106929700 0 buyTicket 0 passenger471 1 0 4 5 0
106941100 106942900 0 inquiry 0 passenger196 3 0 3 5 0
106953300 106957600 0 inquiry 0 passenger768 1 0 1 4 0
106969300 106970900 0 buyTicket 0 passenger963 2 0 4 5 0
106980700 106982200 0 buyTicket 0 passenger135 3 0 3 4 0
106991700 106993000 0 buyTicket 0 passenger57 3 0 4 5 0
107002800 107006900 0 inquiry 0 passenger62 1 0 1 2 4
107041500 107044300 0 inquiry 0 passenger996 3 0 2 4 0
107057500 107059400 0 inquiry 0 passenger243 2 0 4 5 0
107074400 107075900 0 inquiry 0 passenger608 3 0 3 5 0
107109600 107112500 0 inquiry 0 passenger31 3 0 2 5 0
107125600 107127400 0 inquiry 0 passenger460 3 0 3 5 0
107138100 107143500 0 buyTicket 0 passenger559 1 0 2 3 0
107156100 107157900 0 inquiry 0 passenger914 1 0 4 5 0
107192700 107195600 0 inquiry 0 passenger617 2 0 4 5 0
107208900 107230400 0 inquiry 0 passenger545 1 0 1 2 4
107265400 107270600 0 buyTicket 0 passenger274 1 0 3 5 0
107333200 107339200 0 inquiry 0 passenger743 1 0 2 5 0
107364200 107367700 0 inquiry 0 passenger942 3 0 4 5 0
107423000 107426800 0 inquiry 0 passenger296 2 0 4 5 0
107448700 107452500 0 inquiry 0 passenger599 3 0 4 5 0
107506600 107510700 0 buyTicket 0 passenger348 3 0 4 5 0
107527700 107530100 0 inquiry 0 passenger665 3 0 3 5 0
107547400 107549500 0 inquiry 0 passenger741 3 0 2 4 0
107562900 107564900 0 inquiry 0 passenger713 1 0 4 5 0
107581000 107583300 0 buyTicket 0 passenger316 3 0 3 4 0
107596700 107603400 0 buyTicket 0 passenger284 1 0 1 3 0
107616600 107618500 0 inquiry 0 passenger186 3 0 4 5 0
107631300 107633100 0 inquiry 0 passenger14 2 0 3 5 0
107645900 107651000 0 inquiry 0 passenger46 2 0 2 4 0
107664100 107669900 0 buyTicket 0 passenger9 1 0 1 3 0
107702300 107706700 0 buyTicket 0 passenger119 2 0 3 5 0
107727100 107737400 0 buyTicket 0 passenger231 2 0 1 3 0
107781300 107785200 0 inquiry 0 passenger22 1 0 1 5 0
107802100 107807500 0 inquiry 0 passenger591 1 0 1 3 0
107821800 107830600 0 buyTicket 0 passenger566 1 0 1 4 0
107847400 107855400 0 inquiry 0 passenger144 2 0 2 4 0
107911800 107915800 0 inquiry 0 passenger352 3 0 1 4 0
107933700 107937400 0 buyTicket 0 passenger81 1 0 3 5 0
107967100 107973900 0 buyTicket 0 passenger596 3 0 4 5 0
108005300 108012200 0 inquiry 0 passenger200 3 0 3 5 0
108069600 108073300 0 inquiry 0 passenger880 3 0 3 5 0
108090500 108093800 0 inquiry 0 passenger251 2 0 2 5 0
108120900 108125100 0 buyTicket 0 passenger271 3 0 3 4 0
108185800 108192200 0 buyTicket 0 passenger953 1 0 1 5 0
108220200 108224000 0 inquiry 0 passenger113 3 0 1 2 0
108263500 108278900 0 buyTicket 0 passenger382 1 0 2 3 0
108331200 108334600 0 inquiry 0 passenger266 1 0 3 5 0
108366400 108370900 0 buyTicket 0 passenger713 1 0 3 5 0
108415300 108418500 0 inquiry 0 passenger716 1 0 4 5 0
108436400 108440000 0 buyTicket 0 passenger608 2 0 3 5 0
108488700 108492200 0 buyTicket 0 passenger688 1 0 4 5 0
108511100 108514700 0 inquiry 0 passenger46 3 0 1 5 0
108560200 108568300 0 buyTicket 0 passenger610 2 0 1 4 0
108596000 108607000 0 buyTicket 0 passenger380 1 0 3 4 0
108664300 108671400 0 inquiry 0 passenger624 2 0 2 3 0
108716900 108721300 0 inquiry 0 passenger521 3 0 1 5 0
108755600 108764800 0 inquiry 0 passenger260 1 0 3 4 0
108796000 108804000 0 inquiry 0 passenger77 1 0 1 3 0
108832000 108835400 0 inquiry 0 passenger3 3 0 4 5 0
108886000 108889600 0 buyTicket 0 passenger914 2 0 2 5 0
108903900 108909800 0 inquiry 0 passenger417 3 0 4 5 0
108922000 108926800 0 inquiry 0 passenger641 1 0 3 4 0
108946800 108966300 0 buyTicket 43 passenger167 1 1 1 2 3
108979600 108981400 0 inquiry 0 passenger157 3 0 3 4 0
108992500 108997000 0 inquiry 0 passenger652 2 0 1 3 0
109034500 109037600 0 inquiry 0 passenger800 3 0 3 5 0
109060800 109065900 0 inquiry 0 passenger841 2 0 2 3 0
109079800 109082200 0 buyTicket 0 passenger390 2 0 2 5 0
109094100 109098500 0 inquiry 0 passenger720 2 0 1 4 0
109110500 109112600 0 buyTicket 0 passenger349 1 0 4 5 0
109124300 109129400 0 buyTicket 0 passenger205 3 0 3 5 0
109149500 109151500 0 inquiry 0 passenger678 3 0 3 5 0
109163700 109165500 0 inquiry 0 passenger745 3 0 3 4 0
109177000 109178900 0 buyTicket 0 passenger597 3 0 1 2 0
109190200 109194900 0 inquiry 0 passenger979 1 0 3 4 0
109217300 109221900 0 inquiry 0 passenger673 2 0 1 2 2
109276700 109282800 0 inquiry 0 passenger814 2 0 1 4 0
109299100 109301800 0 buyTicket 0 passenger944 1 0 4 5 0
109314900 109317100 0 inquiry 0 passenger856 1 0 4 5 0
109357700 109361600 0 buyTicket 0 passenger28 3 0 4 5 0
109382400 109384800 0 inquiry 0 passenger370 1 0 3 5 0
109402000 109407500 0 inquiry 0 passenger792 1 0 1 4 0
109451000 109457000 0 inquiry 0 passenger826 2 0 2 4 0
109473300 109475600 0 inquiry 0 passenger331 1 0 3 5 0
109519500 109523100 0 inquiry 0 passenger408 3 0 2 5 0
109541700 109544000 0 inquiry 0 passenger573 1 0 3 5 0
109560100 109562300 0 inquiry 0 passenger123 1 0 3 5 0
109616300 109620900 0 buyTicket 0 passenger118 3 0 1 4 0
109652200 109656000 0 inquiry 0 passenger666 1 0 4 5 0
109702000 109705500 0 inquiry 0 passenger29 3 0 3 4 0
109722300 109724600 0 inquiry 0 passenger464 3 0 2 4 0
109739200 109746000 0 buyTicket 0 passenger915 1 0 2 3 0
109790700 109794600 0 buyTicket 0 passenger630 1 0 4 5 0
109811200 109813600 0 inquiry 0 passenger588 3 0 4 5 0
109830700 109832600 0 inquiry 0 passenger946 3 0 3 4 0
109873000 109879800 0 inquiry 0 passenger181 2 0 1 4 0
109896600 109898900 0 inquiry 0 passenger122 2 0 2 5 0
109917900 109921100 0 inquiry 0 passenger160 1 0 4 5 0
109935100 109940200 0 inquiry 0 passenger939 2 0 2 3 0
109953700 109955700 0 inquiry 0 passenger155 2 0 4 5 0
109996500 110000300 0 buyTicket 0 passenger104 2 0 4 5 0
110018400 110020600 0 buyTicket 0 passenger511 3 0 3 5 0
110037000 110042400 0 inquiry 0 passenger521 1 0 3 4 0
110055700 110057700 0 inquiry 0 passenger957 3 0 4 5 0
110070600 110072600 0 inquiry 0 passenger740 2 0 1 5 0
110087000 110091800 0 inquiry 0 passenger972 1 0 1 3 0
110105100 110106900 0 inquiry 0 passenger257 1 0 4 5 0
110119800 110125800 0 buyTicket 0 passenger102 1 0 1 4 0
110166600 110170300 0 inquiry 0 passenger251 1 0 3 5 0
110186700 110189000 0 inquiry 0 passenger937 1 0 4 5 0
110203000 110209700 0 buyTicket 0 passenger420 1 0 1 3 0
110250900 110257600 0 inquiry 0 passenger630 1 0 1 3 0
110274300 110276600 0 inquiry 0 passenger668 1 0 1 5 0
110292100 110298700 0 buyTicket 0 passenger682 2 0 1 3 0
110350300 110353200 0 inquiry 0 passenger829 2 0 4 5 0
110366200 110370400 0 inquiry 0 passenger483 1 0 1 4 0
110382900 110386900 0 inquiry 0 passenger962 2 0 1 3 0
110419000 110424300 0 inquiry 0 passenger992 2 0 2 3 0
110458700 110464200 0 inquiry 0 passenger293 2 0 3 4 0
110477300 110492800 0 buyTicket 0 passenger11 2 0 2 3 0
110526900 110529800 0 inquiry 0 passenger909 2 0 1 5 0
110585000 110587900 0 inquiry 0 passenger883 3 0 1 2 0
110600600 110602300 0 inquiry 0 passenger933 3 0 4 5 0
110612800 110614800 0 buyTicket 0 passenger937 2 0 4 5 0
110625000 110626800 0 buyTicket 0 passenger657 3 0 4 5 0
110637100 110638700 0 inquiry 0 passenger856 1 0 4 5 0
110653100 110654600 0 inquiry 0 passenger930 3 0 2 4 0
110669200 110670600 0 inquiry 0 passenger491 3 0 2 5 0
110693900 110697200 0 buyTicket 0 passenger679 3 0 1 2 0
110712900 110714700 0 inquiry 0 passenger4 3 0 3 5 0
110728000 110734700 0 inquiry 0 passenger167 2 0 2 4 0
110745500 110747200 0 inquiry 0 passenger945 3 0 4 5 0
110757000 110758700 0 inquiry 0 passenger489 2 0 3 5 0
110774800 110776700 0 buyTicket 0 passenger13 3 0 3 4 0
110786600 110788300 0 buyTicket 0 passenger134 3 0 3 5 0
110798300 110799800 0 inquiry 0 passenger701 3 0 3 5 0
110813800 110817600 0 inquiry 0 passenger658 1 0 1 3 0
110827800 110831600 0 inquiry 0 passenger440 2 0 2 4 0
110841500 110846400 0 buyTicket 0 passenger73 2 0 2 4 0
110856300 110869900 0 buyTicket 44 passenger521 1 1 1 2 4
110903400 110909000 0 inquiry 0 passenger706 1 0 3 4 0
110922200 110926100 0 inquiry 0 passenger545 1 0 2 4 0
110958700 110961600 0 inquiry 0 passenger27 2 0 3 5 0
110974300 110976100 0 inquiry 0 passenger85 3 0 3 5 0
110986400 110998000 0 inquiry 0 passenger969 1 0 3 4 0
111010700 111012300 0 inquiry 0 passenger390 2 0 2 5 0
111031600 111035700 0 inquiry 0 passenger277 1 0 1 2 2
111047400 111048900 0 inquiry 0 passenger806 3 0 1 4 0
111059300 111060700 0 inquiry 0 passenger168 1 0 4 5 0
111100800 111107300 0 buyTicket 0 passenger529 1 0 1 3 0
111122900 111124800 0 inquiry 0 passenger613 3 0 2 3 0
111135100 111139300 0 inquiry 0 passenger652 2 0 1 4 0
111149700 111154300 0 buyTicket 0 passenger493 2 0 2 4 0
111164700 111166500 0 buyTicket 0 passenger637 3 0 1 5 0
111176500 111178200 0 buyTicket 0 passenger89 3 0 2 4 0
111188000 111189600 0 buyTicket 0 passenger31 3 0 3 5 0
111199500 111201000 0 inquiry 0 passenger560 3 0 2 3 0
111210700 111228900 0 inquiry 0 passenger198 1 0 3 5 0
111239700 111241500 0 buyTicket 0 passenger764 3 0 3 5 0
111261000 111262700 0 buyTicket 0 passenger315 3 0 1 3 0
111274300 111276000 0 buyTicket 0 passenger514 2 0 3 5 0
111286400 111290800 0 inquiry 0 passenger728 1 0 2 3 0
111301500 111303100 0 inquiry 0 passenger768 1 0 4 5 0
111313600 111315100 0 inquiry 0 passenger423 1 0 4 5 0
111325500 111326900 0 inquiry 0 passenger406 1 0 4 5 0
111338900 111340300 0 inquiry 0 passenger154 2 0 3 5 0
111350600 111352400 0 buyTicket 0 passenger625 2 0 2 5 0
111362800 111366700 0 inquiry 0 passenger874 1 0 2 3 0
111377300 111381200 0 inquiry 0 passenger361 2 0 1 3 0
111391700 111395500 0 inquiry 0 passenger495 1 0 3 4 0
111406000 111409700 0 inquiry 0 passenger317 1 0 1 3 0
111420300 111424100 0 inquiry 0 passenger99 1 0 3 4 0
111434600 111436100 0 inquiry 0 passenger323 2 0 3 5 0
111446300 111451200 0 buyTicket 0 passenger826 2 0 2 3 0
111462000 111465900 0 inquiry 0 passenger103 1 0 1 4 0
111476300 111480700 0 buyTicket 0 passenger770 1 0 1 4 0
111491600 111493200 0 inquiry 0 passenger939 3 0 2 5 0
111503600 111505000 0 inquiry 0 passenger315 3 0 1 4 0
111515400 111517100 0 buyTicket 0 passenger350 2 0 4 5 0
111527400 111532000 0 buyTicket 0 passenger426 2 0 2 3 0
111542400 111546700 0 buyTicket 0 passenger975 1 0 2 4 0
111557200 111558700 0 buyTicket 0 passenger456 1 0 4 5 0
111569400 111570900 0 buyTicket 0 passenger291 3 0 2 4 0
111581100 111587200 0 buyTicket 0 passenger934 2 0 1 3 0
111598700 111609900 0 buyTicket 45 passenger486 2 2 1 2 2
111621700 111626800 0 inquiry 0 passenger797 1 0 3 4 0
111672100 111674600 0 inquiry 0 passenger853 3 0 4 5 0
111727800 111730900 0 inquiry 0 passenger408 3 0 1 2 0
111744800 111750500 0 inquiry 0 passenger746 2 0 1 2 1
111774500 111777900 0 buyTicket 0 passenger264 2 0 1 5 0
111823700 111827100 0 inquiry 0 passenger565 2 0 3 5 0
111841300 111843200 0 inquiry 0 passenger953 3 0 4 5 0
111854400 111856100 0 inquiry 0 passenger774 3 0 3 5 0
111867200 111869500 0 buyTicket 0 passenger601 3 0 2 5 0
111910000 111912600 0 inquiry 0 passenger900 2 0 2 5 0
111926500 111928900 0 buyTicket 0 passenger887 1 0 3 5 0
111940400 111945300 0 inquiry 0 passenger103 2 0 2 3 0
111956900 111958700 0 inquiry 0 passenger361 1 0 3 5 0
111969500 111971200 0 inquiry 0 passenger380 1 0 2 5 0
111981800 111983800 0 buyTicket 0 passenger336 3 0 4 5 0
112000700 112002500 0 inquiry 0 passenger532 3 0 1 2 0
112013800 112015300 0 inquiry 0 passenger620 3 0 1 4 0
112026000 112027600 0 inquiry 0 passenger461 3 0 1 2 0
112038300 112039900 0 inquiry 0 passenger287 3 0 4 5 0
112050700 112052300 0 inquiry 0 passenger814 2 0 4 5 0
112066200 112068100 0 buyTicket 0 passenger894 2 0 4 5 0
112079200 112080900 0 inquiry 0 passenger23 3 0 4 5 0
112091400 112093200 0 buyTicket 0 passenger248 1 0 1 5 0
112103900 112105500 0 inquiry 0 passenger651 3 0 4 5 0
112116100 112121700 0 buyTicket 0 passenger22 1 0 3 4 0
112132700 112137800 0 buyTicket 0 passenger833 2 0 2 4 0
112151000 112152600 0 inquiry 0 passenger236 3 0 1 4 0
112163400 112167700 0 inquiry 0 passenger704 1 0 1 3 0
112178600 112180200 0 inquiry 0 passenger809 3 0 3 4 0
112190800 112195700 0 buyTicket 0 passenger490 2 0 2 4 0
112209200 112211100 0 buyTicket 0 passenger858 1 0 3 5 0
112222700 112226900 0 inquiry 0 passenger617 1 0 2 4 0
112238100 112239700 0 inquiry 0 passenger10 3 0 3 4 0
112250400 112254700 0 inquiry 0 passenger653 2 0 3 4 0
112265700 112267200 0 inquiry 0 passenger763 3 0 4 5 0
112277900 112282000 0 inquiry 0 passenger955 2 0 1 2 1
112292800 112296600 0 inquiry 0 passenger379 2 0 1 2 1
112309400 112311400 0 buyTicket 0 passenger672 3 0 2 5 0
112322700 112324400 0 inquiry 0 passenger740 3 0 3 5 0
112336600 112341500 0 buyTicket 0 passenger731 2 0 2 4 0
112357200 112361600 0 inquiry 0 passenger844 1 0 1 3 0
112374600 112376400 0 buyTicket 0 passenger988 2 0 4 5 0
112387200 112388900 0 inquiry 0 passenger400 1 0 4 5 0
112399100 112401000 0 buyTicket 0 passenger357 2 0 3 5 0
112411900 112413600 0 inquiry 0 passenger129 1 0 4 5 0
112424300 112426200 0 buyTicket 0 passenger23 3 0 1 3 0
112436900 112438600 0 inquiry 0 passenger395 3 0 3 5 0
112451500 112453300 0 buyTicket 0 passenger75 3 0 4 5 0
112464000 112516300 0 inquiry 0 passenger940 3 0 4 5 0
112572300 112577600 0 inquiry 0 passenger67 2 0 1 2 1
112619100 112621300 0 inquiry 0 passenger978 2 0 4 5 0
112635500 112727300 0 buyTicket 46 passenger759 1 2 1 2 0
112770700 112772800 0 inquiry 0 passenger46 3 0 3 5 0
112786600 112798400 0 buyTicket 0 passenger14 2 0 4 5 0
112811700 112813100 0 inquiry 0 passenger665 2 0 2 5 0
112868000 112869400 0 inquiry 0 passenger981 1 0 4 5 0
112908200 112910500 0 inquiry 0 passenger68 1 0 4 5 0
112926500 112930800 0 inquiry 0 passenger883 1 0 2 4 0
112943500 112945700 0 buyTicket 0 passenger154 2 0 4 5 0
112983000 112985200 0 inquiry 0 passenger446 2 0 4 5 0
113000900 113002200 0 inquiry 0 passenger971 1 0 1 5 0
113013500 113017800 0 inquiry 0 passenger461 2 0 1 4 0
113029200 113030400 0 inquiry 0 passenger632 3 0 3 4 0
113041300 113042400 0 inquiry 0 passenger568 3 0 1 4 0
113057900 113059600 0 buyTicket 0 passenger219 1 0 4 5 0
113070700 113072000 0 inquiry 0 passenger467 2 0 3 5 0
113084200 113087800 0 inquiry 0 passenger493 2 0 2 3 0
113098600 113099800 0 inquiry 0 passenger744 2 0 2 5 0
113111800 113113100 0 buyTicket 0 passenger863 3 0 3 5 0
113123900 113125000 0 inquiry 0 passenger736 3 0 3 5 0
113135800 113146800 0 buyTicket 47 passenger926 2 2 1 2 3
113164200 113165600 0 buyTicket 0 passenger683 3 0 1 3 0
113177100 113178400 0 inquiry 0 passenger918 1 0 3 5 0
113192100 113193300 0 buyTicket 0 passenger180 3 0 4 5 0
113204400 113208400 0 inquiry 0 passenger532 2 0 3 4 0
113219200 113220400 0 buyTicket 0 passenger20 2 0 3 5 0
113231100 113250500 0 inquiry 0 passenger294 2 0 2 4 0
113260900 113262100 0 inquiry 0 passenger702 2 0 1 5 0
113273200 113276600 0 inquiry 0 passenger590 1 0 1 3 0
113286600 113287700 0 inquiry 0 passenger519 3 0 4 5 0
113297200 113298400 0 buyTicket 0 passenger849 2 0 3 5 0
113307900 113309000 0 inquiry 0 passenger656 3 0 4 5 0
113318600 113321900 0 inquiry 0 passenger618 1 0 2 4 0
113338400 113341700 0 inquiry 0 passenger183 1 0 1 3 0
113351600 113352700 0 inquiry 0 passenger356 2 0 4 5 0
113362100 113363200 0 buyTicket 0 passenger460 3 0 3 4 0
